precios:
  potencia:
    peajes:
      P1: 0.062982
      P2: 0.002572
    cargos:
      P1: 0.008701
      P2: 0.00056
  energia:
    peajes:
      P1: 0.027787
      P2: 0.019146
      P3: 0.000703
    cargos: 
      P1: 0.046622
      P2: 0.009324
      P3: 0.002331
  contador: 0.02663
  impuesto_electrico: 0.5
  iva: 5.
  margen_comercializacion: 0.008529

